3,2
10,13
10,157
10,109
10,253
10,223
10,217
10,177
10,2
10,3
11,11
11,21
11,7
11,9
11,19
11,13
11,23
11,2
11,3
9,5
9,2
9,3
8,16
8,13
8,7
8,10
8,9
8,2
8,3
12,2
12,1
12,3
32,3
32,2
32,1
32,0
31,3
20,2
31,2
31,1
20,1
31,0
30,3
30,2
30,1
20,3
30,0
29,3
29,2
29,1
29,0
28,3
19,2
28,2
28,1
19,1
28,0
27,3
27,2
27,1
19,3
27,0
26,3
26,2
26,1
26,0
25,3
25,2
25,1
25,0
24,3
24,2
24,1
24,0
23,3
23,2
23,1
23,0
11,27
11,26
11,25
11,1
18,1
11,24
10,309
10,308
10,307
10,306
10,305
10,304
10,303
10,302
10,301
10,300
10,299
10,298
10,297
18,3
10,296
10,295
